46,5
52,2
0,273
0,270
10,259
10,9
10,187
10,195
10,117
10,263
10,2
10,3
11,7
11,9
9,7
9,2
9,3
8,12
8,6
8,4
52,3
52,1
47,3
47,1
46,3
46,1
45,4
45,3
45,1
43,5
43,4
43,3
43,1
26,3
26,1
20,3
20,2
20,1
12,3
19,2
12,2
19,1
12,1
11,29
11,28
11,27
11,26
11,25
11,24
11,23
11,22
11,21
11,20
11,19
19,3
11,17
11,15
11,14
11,13
11,12
11,11
11,8
11,6
11,5
11,4
11,3
11,2
11,1
10,313
10,312
10,311
10,310
10,309
10,308
10,307
10,306
10,305
10,304
10,303
10,302
10,301
10,300
10,299
10,298
10,297
10,296
10,295
10,294
10,293
10,292
10,291
10,290
10,289
10,288
10,287
10,286
10,285
10,284
10,283
10,277
10,270
10,265
10,255
10,248
10,247
10,235
10,227
10,211
10,209
